0.01000000000000001
0.01000000000000001
0.01000000000000001
0.01
0.01
0.01
0.01
0.01
0
0
0.0
0.0
0.0
0.0
0.009999999999999997
0.009999999999999997
0.04
0.009999999999999997
0.03
0.05
0.05
0.05
0.04
0.05
0.05
0.05
0.03
0.04
0
0.0
0.0
0.0
0.0
0.0
0.0
0.02
0.02
0.02
0.02
0.02
0.02
0.02
0.02
0.02
0.02
0.02
0.02
0.02
0.02
0.02
0.02
0.02
0.02
0.02
0.02
0.02
0.02
0.02
0.02
0.02
0.02
0.02
0.02
0.02
0.02
0.02
0.02
0.02
0.02
0.02
0.02
0.02
0.019999999999999997
0.019999999999999997
0.03
0.03
0.03
0.03
0.03
0.019999999999999997
0.060000000000000005
0.11999999999999998
0.11999999999999998
0.05
0.05
0.05
0.09
0.04
0.10999999999999999
0.09999999999999999
0.12999999999999998
0.12999999999999998
0.17
0.17
0.19000000000000003
0.18000000000000002
0.20000000000000004
0.20000000000000004
0.20000000000000004
0.20000000000000004
0.20000000000000004
0.20000000000000004
0.19000000000000003
0.019999999999999997
0.009999999999999997
0.009999999999999997
0.009999999999999997
0.009999999999999997
0.009999999999999997
0.009999999999999997
0.009999999999999997
0.009999999999999997
0.009999999999999997
0.009999999999999997
0.009999999999999997
0.009999999999999997
0.009999999999999997
0.009999999999999997
0.009999999999999997
0.02
0.02
0.02
0.02
0.02
0.02
0.02
0.02
0.02
0.02
0.02
0.02
0.05
0.03
0.03
0.03
0.03
0.009999999999999997
0.019999999999999997
0.019999999999999997
0.019999999999999997
0.019999999999999997
0.019999999999999997
0.019999999999999997
0.019999999999999997
0.01
0.02
0.02
0.019999999999999997
0.019999999999999997
0.019999999999999997
0.019999999999999997
0.019999999999999997
0.019999999999999997
0.019999999999999997
0.019999999999999997
0.019999999999999997
0.019999999999999997
0.019999999999999997
0.019999999999999997
0.019999999999999997
0.019999999999999997
0.019999999999999997
0.019999999999999997
0.019999999999999997
0.019999999999999997
0.019999999999999997
0.019999999999999997
0.019999999999999997
0.019999999999999997
0.019999999999999997
0.019999999999999997
